S,1,2,1,1,1,1,1,1,2,1,3,0,1,-1,-1,1,-23,0,200,400,500,1000,0,0,1,3,4,5,0,200,400,500,1000,0,0,0,1,3,5,0,200,400,500,1000,0,0,1,3,4,5,0,200,400,500,1000,0,0,1,3,4,5,0,200,400,500,1000,3,3,4,4,4,5,0,200,400,500,1000,1,2,2,3,3,5,-1,0,5000,0,-1,5000,5000,0,-1
AF,1,10,4,1,1,4,6,5,5,-13,-13,-15,-13,-17,-18,-18,-16,10,10,10,15,15,15,15,15,150,150,150,150,150,150,150,150,0,7,0,1,2,-4,50,150,0
AFH,1,100,0
AFA,1,1,200,200,5,1,1500,900,5,1,8450,1000,-1,1,11500,2000,5,0,10000,1800,3,1,6200,2000,5,1,700,150,-7,1,3600,1800,-8,1,5000,2000,-2,1,350,200,2
AL,1,3,6,2,3,0,-4,-5,-6,-3,0,7,6,-10,-11,-17,-23,-19,-13,-13,-18,-13,-14,-10,-10,10,10,20,20,20,25,25,25,25,25,25,25,150,150,150,150,150,150,150,150,150,150,150,150,8,0,1,2,-3,100,150,-1,-17,230,230,120,120,2,0,4,0,2,0,4,0,-10,-20,25,150,-1,300
ALH,1,140,0
ALA,1,1,230,183,3,1,396,262,3,1,700,200,-3,0,1800,2860,1,0,3000,800,-1,1,3500,800,-14,0,4600,800,1,1,8500,1000,-13,0,10000,2000,1,1,12000,2000,7
AHA,1,90,0
AHB,1,90,0
AHC,1,140,0
AHD,1,140,0
AHE,1,140,0

AMA,0,1,2,5,2,1,1,-1,-1,-2,1,4,10,8,-10,-11,-16,-22,-17,-13,-13,-18,-13,-14,-10,-10,10,10,20,20,20,25,25,25,25,25,25,25,150,150,150,150,150,150,150,150,150,150,150,150,6,0,1,2,-3,100,150,0,230,230,120,120,2,0,4,0,2,0,4,0,-10,-20,25,150,-1,300
AMB,1,1,2,5,2,1,1,-1,-1,-2,1,4,10,8,-10,-11,-16,-22,-17,-13,-13,-18,-13,-14,-10,-10,10,10,20,20,20,25,25,25,25,25,25,25,150,150,150,150,150,150,150,150,150,150,150,150,6,0,1,2,-3,100,150,0,230,230,120,120,2,0,4,0,2,0,4,0,-10,-20,25,150,-1,300
AMC,2,1,2,6,2,1,1,-2,-2,-3,0,3,9,7,-10,-11,-16,-22,-17,-13,-13,-18,-13,-14,-10,-10,10,10,20,20,20,25,25,25,25,25,25,25,150,150,150,150,150,150,150,150,150,150,150,150,6,0,1,2,-3,100,150,0,230,230,120,120,2,0,4,0,2,0,4,0,-10,-20,25,150,-1,300
AMD,3,1,3,6,2,2,0,-3,-3,-4,-1,2,8,7,-10,-11,-16,-22,-17,-13,-13,-18,-13,-14,-10,-10,10,10,20,20,20,25,25,25,25,25,25,25,150,150,150,150,150,150,150,150,150,150,150,150,7,0,1,2,-3,100,150,0,230,230,120,120,2,0,4,0,2,0,4,0,-10,-20,25,150,-1,300
AME,4,1,3,6,2,3,0,-4,-5,-6,-2,1,7,6,-10,-11,-16,-22,-17,-13,-13,-18,-13,-14,-10,-10,10,10,20,20,20,25,25,25,25,25,25,25,150,150,150,150,150,150,150,150,150,150,150,150,8,0,1,2,-3,100,150,-1,230,230,120,120,2,0,4,0,2,0,4,0,-10,-20,25,150,-1,300

APA,0,1,2,5,2,1,1,-1,-1,-2,2,5,10,8,-10,-11,-16,-22,-17,-13,-13,-18,-13,-14,-10,-10,10,10,20,20,20,25,25,25,25,25,25,25,150,150,150,150,150,150,150,150,150,150,150,150,6,0,1,2,-3,100,150,0,230,230,120,120,2,0,4,0,2,0,4,0,-10,-20,25,150,-1,300
APB,1,1,2,5,2,1,1,-1,-1,-2,2,5,10,8,-10,-11,-16,-22,-17,-13,-13,-18,-13,-14,-10,-10,10,10,20,20,20,25,25,25,25,25,25,25,150,150,150,150,150,150,150,150,150,150,150,150,6,0,1,2,-3,100,150,0,230,230,120,120,2,0,4,0,2,0,4,0,-10,-20,25,150,-1,300
APC,2,1,2,6,2,1,1,-2,-2,-3,1,4,9,7,-10,-11,-16,-22,-17,-13,-13,-18,-13,-14,-10,-10,10,10,20,20,20,25,25,25,25,25,25,25,150,150,150,150,150,150,150,150,150,150,150,150,6,0,1,2,-3,100,150,0,230,230,120,120,2,0,4,0,2,0,4,0,-10,-20,25,150,-1,300
APD,3,1,3,6,2,2,0,-3,-3,-4,-1,2,8,7,-10,-11,-16,-22,-17,-13,-13,-18,-13,-14,-10,-10,10,10,20,20,20,25,25,25,25,25,25,25,150,150,150,150,150,150,150,150,150,150,150,150,7,0,1,2,-3,100,150,0,230,230,120,120,2,0,4,0,2,0,4,0,-10,-20,25,150,-1,300
APE,4,1,3,6,2,3,0,-4,-5,-6,-2,1,7,6,-10,-11,-17,-24,-21,-13,-13,-18,-13,-14,-10,-10,10,10,20,20,20,25,25,25,25,25,25,25,150,150,150,150,150,150,150,150,150,150,150,150,8,0,1,2,-3,100,150,-1,230,230,120,120,2,0,4,0,2,0,4,0,-10,-20,25,150,-1,300

AVA,0,1,0,3,1,3,5,3,3,0,2,3,8,6,-10,-11,-16,-22,-17,-13,-13,-18,-13,-14,-10,-10,10,10,20,20,20,25,25,25,25,25,25,25,150,150,150,150,150,150,150,150,150,150,150,150,7,0,1,3,-3,100,150,0,230,230,120,120,2,0,4,0,2,0,4,0,-10,-20,25,150,-1,300
AVB,1,1,0,3,1,3,5,3,3,0,2,3,8,6,-10,-11,-16,-22,-17,-13,-13,-18,-13,-14,-10,-10,10,10,20,20,20,25,25,25,25,25,25,25,150,150,150,150,150,150,150,150,150,150,150,150,7,0,1,3,-3,100,150,0,230,230,120,120,2,0,4,0,2,0,4,0,-10,-20,25,150,-1,300
AVC,2,1,0,4,1,3,5,2,2,-1,2,3,7,5,-10,-11,-16,-22,-17,-13,-13,-18,-13,-14,-10,-10,10,10,20,20,20,25,25,25,25,25,25,25,150,150,150,150,150,150,150,150,150,150,150,150,7,0,1,3,-3,100,150,0,230,230,120,120,2,0,4,0,2,0,4,0,-10,-20,25,150,-1,300
AVD,3,1,1,4,1,4,4,1,1,-2,0,1,7,5,-10,-11,-16,-22,-17,-13,-13,-18,-13,-14,-10,-10,10,10,20,20,20,25,25,25,25,25,25,25,150,150,150,150,150,150,150,150,150,150,150,150,8,0,1,3,-3,100,150,0,230,230,120,120,2,0,4,0,2,0,4,0,-10,-20,25,150,-1,300
AVE,4,1,1,4,1,5,4,0,-1,-4,-1,0,5,4,-10,-11,-16,-22,-17,-13,-13,-18,-13,-14,-10,-10,10,10,20,20,20,25,25,25,25,25,25,25,150,150,150,150,150,150,150,150,150,150,150,150,9,0,1,3,-3,100,150,-1,230,230,120,120,2,0,4,0,2,0,4,0,-10,-20,25,150,-1,300

AAA,1,1,230,183,3,1,396,262,2,1,700,200,-4,1,1500,800,2,0,3000,800,-1,1,3500,800,-11,1,4600,800,1,1,5500,2500,3,1,8500,1000,-10,1,12000,2000,4
AAB,1,1,230,183,3,1,396,262,2,1,700,200,-4,1,1500,800,2,0,3000,800,-1,1,3500,800,-11,1,4600,800,1,1,5500,2500,3,1,8500,1000,-10,1,12000,2000,4
AAC,1,1,230,183,3,1,396,262,2,1,700,200,-3,1,1500,800,1,0,3000,800,-1,1,3500,800,-12,1,4600,800,1,1,5500,2500,2,1,8500,1000,-11,1,12000,2000,5
AAD,1,1,230,183,3,1,396,262,3,1,700,200,-3,0,1500,800,1,0,3000,800,-1,1,3500,800,-13,0,4600,800,1,1,5500,2500,1,1,8500,1000,-12,1,12000,2000,6
AAE,1,1,230,183,3,1,396,262,3,1,700,200,-3,0,1500,800,1,0,3000,800,-1,1,3500,800,-14,0,4600,800,1,0,5500,2500,1,1,8500,1000,-13,1,12000,2000,7

ABA,1,1,230,183,3,1,396,262,2,1,700,200,-4,1,1500,800,2,0,3000,800,-1,1,3500,800,-11,1,4600,800,1,1,5500,2500,3,1,8500,1000,-10,1,12000,2000,4
ABB,1,1,230,183,3,1,396,262,2,1,700,200,-4,1,1500,800,2,0,3000,800,-1,1,3500,800,-11,1,4600,800,1,1,5500,2500,3,1,8500,1000,-10,1,12000,2000,4
ABC,1,1,230,183,3,1,396,262,2,1,700,200,-3,1,1500,800,1,0,3000,800,-1,1,3500,800,-12,1,4600,800,1,1,5500,2500,2,1,8500,1000,-11,1,12000,2000,5
ABD,1,1,230,183,3,1,396,262,3,1,700,200,-3,0,1500,800,1,0,3000,800,-1,1,3500,800,-13,0,4600,800,1,1,5500,2500,1,1,8500,1000,-12,1,12000,2000,6
ABE,1,1,230,183,3,1,396,262,3,1,700,200,-3,0,1500,800,1,0,3000,800,-1,1,3500,800,-14,0,4600,800,1,0,5500,2500,1,1,8500,1000,-13,1,12000,2000,7

ACA,1,1,230,183,3,1,396,262,2,1,700,200,-4,1,1500,800,2,0,3000,800,-1,1,3500,800,-11,1,4600,800,1,1,5500,2500,3,1,8500,1000,-10,1,12000,2000,4
ACB,1,1,230,183,3,1,396,262,2,1,700,200,-4,1,1500,800,2,0,3000,800,-1,1,3500,800,-11,1,4600,800,1,1,5500,2500,3,1,8500,1000,-10,1,12000,2000,4
ACC,1,1,230,183,3,1,396,262,2,1,700,200,-3,1,1500,800,1,0,3000,800,-1,1,3500,800,-12,1,4600,800,1,1,5500,2500,2,1,8500,1000,-11,1,12000,2000,5
ACD,1,1,230,183,3,1,396,262,3,1,700,200,-3,0,1500,800,1,0,3000,800,-1,1,3500,800,-13,0,4600,800,1,1,5500,2500,1,1,8500,1000,-12,1,12000,2000,6
ACE,1,1,230,183,3,1,396,262,3,1,700,200,-3,0,1500,800,1,0,3000,800,-1,1,3500,800,-14,0,4600,800,1,0,5500,2500,1,1,8500,1000,-13,1,12000,2000,7

BF,1,10,5,4,1,5,6,5,4,-12,-12,-14,-13,-16,-18,-18,-16,15,15,15,15,15,15,15,15,150,150,150,150,150,150,150,150,0,8,3,1,1,-3,50,150,0
BFH,1,100,1
BFA,1,1,300,200,7,1,1500,1000,5,1,7200,1800,4,1,10000,1800,5,1,9000,2500,5,1,470,100,5,1,700,150,-7,1,3500,1600,-3,1,5250,2000,-11,1,200,200,2
BL,1,6,9,6,3,0,5,-1,1,2,4,7,-2,-11,-12,-15,-17,-13,-11,-13,-13,-12,-11,-9,-12,20,20,20,10,10,20,20,20,20,20,20,20,120,120,120,120,120,120,120,120,120,120,120,120,7,0,1,3,-3,100,150,-1,0,230,230,120,120,2,0,4,0,2,0,4,0,-10,-20,25,150,-1,300
BLH,1,140,1
BLA,1,1,200,191,7,1,380,200,7,1,710,180,-4,1,2148,1073,5,1,2800,200,3,1,4450,600,-5,1,5251,1405,-8,1,5327,2116,-11,0,7000,850,1,0,12000,2000,1
BHA,1,90,1
BHB,1,90,1
BHC,1,140,1
BHD,1,140,1
BHE,1,140,1

BMA,0,1,6,5,4,1,1,5,2,4,6,8,9,1,-11,-12,-14,-15,-11,-11,-13,-13,-12,-11,-9,-12,20,20,20,10,10,20,20,20,20,20,20,20,120,120,120,120,120,120,120,120,120,120,120,120,5,0,1,2,-3,100,150,0,230,230,120,120,2,0,4,0,2,0,4,0,-10,-20,25,150,-1,300
BMB,1,1,6,5,4,1,1,5,2,4,6,8,9,1,-11,-12,-14,-15,-11,-11,-13,-13,-12,-11,-9,-12,20,20,20,10,10,20,20,20,20,20,20,20,120,120,120,120,120,120,120,120,120,120,120,120,5,0,1,2,-3,100,150,0,230,230,120,120,2,0,4,0,2,0,4,0,-10,-20,25,150,-1,300
BMC,2,1,6,7,5,1,1,5,1,3,4,7,8,0,-11,-12,-14,-15,-11,-11,-13,-13,-12,-11,-9,-12,20,20,20,10,10,20,20,20,20,20,20,20,120,120,120,120,120,120,120,120,120,120,120,120,6,0,1,2,-3,100,150,0,230,230,120,120,2,0,4,0,2,0,4,0,-10,-20,25,150,-1,300
BMD,3,1,6,8,5,2,0,5,0,2,3,5,7,-1,-11,-12,-14,-15,-11,-11,-13,-13,-12,-11,-9,-12,20,20,20,10,10,20,20,20,20,20,20,20,120,120,120,120,120,120,120,120,120,120,120,120,7,0,1,3,-3,100,150,0,230,230,120,120,2,0,4,0,2,0,4,0,-10,-20,25,150,-1,300
BME,4,1,6,9,6,3,0,5,-1,1,2,4,7,-2,-11,-12,-14,-15,-11,-11,-13,-13,-12,-11,-9,-12,20,20,20,10,10,20,20,20,20,20,20,20,120,120,120,120,120,120,120,120,120,120,120,120,7,0,1,3,-3,100,150,-1,230,230,120,120,2,0,4,0,2,0,4,0,-10,-20,25,150,-1,300

BPA,0,1,6,5,4,1,1,5,2,4,6,8,9,1,-11,-12,-14,-15,-11,-11,-13,-13,-12,-11,-9,-12,20,20,20,10,10,20,20,20,20,20,20,20,120,120,120,120,120,120,120,120,120,120,120,120,5,0,1,2,-3,100,150,0,230,230,120,120,2,0,4,0,2,0,4,0,-10,-20,25,150,-1,300
BPB,1,1,6,5,4,1,1,5,2,4,6,8,9,1,-11,-12,-14,-15,-11,-11,-13,-13,-12,-11,-9,-12,20,20,20,10,10,20,20,20,20,20,20,20,120,120,120,120,120,120,120,120,120,120,120,120,5,0,1,2,-3,100,150,0,230,230,120,120,2,0,4,0,2,0,4,0,-10,-20,25,150,-1,300
BPC,2,1,6,7,5,1,1,5,1,3,4,7,8,0,-11,-12,-14,-15,-11,-11,-13,-13,-12,-11,-9,-12,20,20,20,10,10,20,20,20,20,20,20,20,120,120,120,120,120,120,120,120,120,120,120,120,6,0,1,2,-3,100,150,0,230,230,120,120,2,0,4,0,2,0,4,0,-10,-20,25,150,-1,300
BPD,3,1,6,8,5,2,0,5,0,2,3,5,7,-1,-11,-12,-14,-15,-11,-11,-13,-13,-12,-11,-9,-12,20,20,20,10,10,20,20,20,20,20,20,20,120,120,120,120,120,120,120,120,120,120,120,120,7,0,1,3,-3,100,150,0,230,230,120,120,2,0,4,0,2,0,4,0,-10,-20,25,150,-1,300
BPE,4,1,6,9,6,3,0,5,-1,1,2,4,7,-2,-11,-12,-15,-19,-15,-11,-13,-13,-12,-11,-9,-12,20,20,20,10,10,20,20,20,20,20,20,20,120,120,120,120,120,120,120,120,120,120,120,120,7,0,1,3,-3,100,150,-1,230,230,120,120,2,0,4,0,2,0,4,0,-10,-20,25,150,-1,300

BVA,0,1,4,3,3,3,5,9,6,6,7,7,7,-1,-11,-12,-14,-15,-11,-11,-13,-13,-12,-11,-9,-12,20,20,20,10,10,20,20,20,20,20,20,20,120,120,120,120,120,120,120,120,120,120,120,120,6,0,1,3,-3,100,150,0,230,230,120,120,2,0,4,0,2,0,4,0,-10,-20,25,150,-1,300
BVB,1,1,4,3,3,3,5,9,6,6,7,7,7,-1,-11,-12,-14,-15,-11,-11,-13,-13,-12,-11,-9,-12,20,20,20,10,10,20,20,20,20,20,20,20,120,120,120,120,120,120,120,120,120,120,120,120,6,0,1,3,-3,100,150,0,230,230,120,120,2,0,4,0,2,0,4,0,-10,-20,25,150,-1,300
BVC,2,1,4,5,4,3,5,9,5,5,5,6,6,-2,-11,-12,-14,-15,-11,-11,-13,-13,-12,-11,-9,-12,20,20,20,10,10,20,20,20,20,20,20,20,120,120,120,120,120,120,120,120,120,120,120,120,7,0,1,3,-3,100,150,0,230,230,120,120,2,0,4,0,2,0,4,0,-10,-20,25,150,-1,300
BVD,3,1,4,6,4,4,4,9,4,4,4,4,5,-3,-11,-12,-14,-15,-11,-11,-13,-13,-12,-11,-9,-12,20,20,20,10,10,20,20,20,20,20,20,20,120,120,120,120,120,120,120,120,120,120,120,120,8,0,1,4,-3,100,150,0,230,230,120,120,2,0,4,0,2,0,4,0,-10,-20,25,150,-1,300
BVE,4,1,4,7,5,5,4,9,3,3,3,3,5,-4,-11,-12,-14,-15,-11,-11,-13,-13,-12,-11,-9,-12,20,20,20,10,10,20,20,20,20,20,20,20,120,120,120,120,120,120,120,120,120,120,120,120,8,0,1,4,-3,100,150,-1,230,230,120,120,2,0,4,0,2,0,4,0,-10,-20,25,150,-1,300

BAA,1,1,200,191,6,1,380,200,4,1,710,180,-6,1,2148,1073,5,1,2800,200,3,1,4450,600,-2,1,5251,1405,-4,1,5327,2116,-7,1,7000,1850,3,1,10000,2000,2
BAB,1,1,200,191,6,1,380,200,4,1,710,180,-6,1,2148,1073,5,1,2800,200,3,1,4450,600,-2,1,5251,1405,-4,1,5327,2116,-7,1,7000,1850,3,1,10000,2000,2
BAC,1,1,200,191,7,1,380,200,5,1,710,180,-5,1,2148,1073,5,1,2800,200,3,1,4450,600,-3,1,5251,1405,-5,1,5327,2116,-8,1,7000,1850,2,1,10000,2000,1
BAD,1,1,200,191,7,1,380,200,6,1,710,180,-4,1,2148,1073,5,1,2800,200,3,1,4450,600,-4,1,5251,1405,-6,1,5327,2116,-10,1,7000,1850,1,1,10000,2000,1
BAE,1,1,200,191,7,1,380,200,7,1,710,180,-4,1,2148,1073,5,1,2800,200,3,1,4450,600,-5,1,5251,1405,-8,1,5327,2116,-11,0,7000,1850,1,0,10000,2000,1

BBA,1,1,200,191,6,1,380,200,4,1,710,180,-7,1,2148,1073,5,1,2800,200,3,1,4450,600,-2,1,5251,1405,-5,1,5327,2116,-8,1,7000,1850,2,0,12000,2000,1
BBB,1,1,200,191,6,1,380,200,4,1,710,180,-7,1,2148,1073,5,1,2800,200,3,1,4450,600,-2,1,5251,1405,-5,1,5327,2116,-8,1,7000,1850,2,0,12000,2000,1
BBC,1,1,200,191,7,1,380,200,5,1,710,180,-6,1,2148,1073,5,1,2800,200,3,1,4450,600,-3,1,5251,1405,-6,1,5327,2116,-9,1,7000,1850,1,0,12000,2000,1
BBD,1,1,200,191,7,1,380,200,6,1,710,180,-5,1,2148,1073,5,1,2800,200,3,1,4450,600,-4,1,5251,1405,-7,1,5327,2116,-10,1,7000,1850,1,0,12000,2000,1
BBE,1,1,200,191,7,1,380,200,7,1,710,180,-4,1,2148,1073,5,1,2800,200,3,1,4450,600,-5,1,5251,1405,-8,1,5327,2116,-11,0,7000,1850,1,0,12000,2000,1

BCA,1,1,200,191,6,1,380,200,4,1,710,180,-7,1,2148,1073,5,1,2800,200,3,1,4450,600,-2,1,5251,1405,-5,1,5327,2116,-8,1,7000,1850,2,0,12000,2000,1
BCB,1,1,200,191,6,1,380,200,4,1,710,180,-7,1,2148,1073,5,1,2800,200,3,1,4450,600,-2,1,5251,1405,-5,1,5327,2116,-8,1,7000,1850,2,0,12000,2000,1
BCC,1,1,200,191,7,1,380,200,5,1,710,180,-6,1,2148,1073,5,1,2800,200,3,1,4450,600,-3,1,5251,1405,-6,1,5327,2116,-9,1,7000,1850,1,0,12000,2000,1
BCD,1,1,200,191,7,1,380,200,6,1,710,180,-5,1,2148,1073,5,1,2800,200,3,1,4450,600,-4,1,5251,1405,-7,1,5327,2116,-10,1,7000,1850,1,0,12000,2000,1
BCE,1,1,200,191,7,1,380,200,7,1,710,180,-4,1,2148,1073,5,1,2800,200,3,1,4450,600,-5,1,5251,1405,-8,1,5327,2116,-11,0,7000,1850,1,0,12000,2000,1

CF,1,7,6,3,3,2,0,0,-2,-10,-12,-13,-13,-7,-7,-6,-6,10,20,25,25,25,25,25,25,150,150,150,150,150,150,150,150,0,10,3,1,10,-1,100,150,0
CFH,1,140,1
CFA,0,0,800,1,0,0,800,1,0,0,800,1,0,0,800,1,0,0,800,1,0,0,800,1,0,0,800,1,0,0,800,1,0,0,800,1,0,0,800,1,0
CL,1,0,0,0,0,0,0,0,0,0,0,0,0,0,0,0,0,0,0,0,0,0,0,0,0,0,0,0,0,0,0,0,0,0,0,0,0,0,0,0,0,0,0,0,0,0,0,0,0,0,0,1,0,0,0,0,0,0,0,0,0,0,0,0,0,0,0,0,0,0,0,0,0,0,0,100
CLH,1,140,1
CLA,0,0,800,1,0,0,800,1,0,0,800,1,0,0,800,1,0,0,800,1,0,0,800,1,0,0,800,1,0,0,800,1,0,0,800,1,0,0,800,1,0
CHA,1,140,1
CHB,1,140,1
CHC,1,140,1
CHD,1,140,1
CHE,1,140,1

CMA,0,0,0,0,0,0,0,0,0,0,0,0,0,0,0,0,0,0,0,0,0,0,0,0,0,0,0,0,0,0,0,0,0,0,0,0,0,0,0,0,0,0,0,0,0,0,0,0,0,0,0,0,0,0,0,0,0,0,0,0,0,0,0,0,0,0,0,0,0,0,0,0,0,0,0,100
CMB,1,1,0,0,0,0,0,0,0,0,0,0,0,0,0,0,0,0,0,0,0,0,0,0,0,0,0,0,0,0,0,0,0,0,0,0,0,0,0,0,0,0,0,0,0,0,0,0,0,0,0,0,1,0,0,0,0,0,0,0,0,0,0,0,0,0,0,0,0,0,0,0,0,0,0,100
CMC,2,1,0,0,0,0,0,0,0,0,0,0,0,0,0,0,0,0,0,0,0,0,0,0,0,0,0,0,0,0,0,0,0,0,0,0,0,0,0,0,0,0,0,0,0,0,0,0,0,0,0,0,1,0,0,0,0,0,0,0,0,0,0,0,0,0,0,0,0,0,0,0,0,0,0,100
CMD,3,1,0,0,0,0,0,0,0,0,0,0,0,0,0,0,0,0,0,0,0,0,0,0,0,0,0,0,0,0,0,0,0,0,0,0,0,0,0,0,0,0,0,0,0,0,0,0,0,0,0,0,1,0,0,0,0,0,0,0,0,0,0,0,0,0,0,0,0,0,0,0,0,0,0,100
CME,4,1,0,0,0,0,0,0,0,0,0,0,0,0,0,0,0,0,0,0,0,0,0,0,0,0,0,0,0,0,0,0,0,0,0,0,0,0,0,0,0,0,0,0,0,0,0,0,0,0,0,0,1,0,0,0,0,0,0,0,0,0,0,0,0,0,0,0,0,0,0,0,0,0,0,100

CPA,0,1,0,0,0,0,0,0,0,0,0,0,0,0,0,0,0,0,0,0,0,0,0,0,0,0,0,0,0,0,0,0,0,0,0,0,0,0,0,0,0,0,0,0,0,0,0,0,0,0,0,0,1,0,0,0,0,0,0,0,0,0,0,0,0,0,0,0,0,0,0,0,0,0,0,100
CPB,1,1,0,0,0,0,0,0,0,0,0,0,0,0,0,0,0,0,0,0,0,0,0,0,0,0,0,0,0,0,0,0,0,0,0,0,0,0,0,0,0,0,0,0,0,0,0,0,0,0,0,0,1,0,0,0,0,0,0,0,0,0,0,0,0,0,0,0,0,0,0,0,0,0,0,100
CPC,2,1,0,0,0,0,0,0,0,0,0,0,0,0,0,0,0,0,0,0,0,0,0,0,0,0,0,0,0,0,0,0,0,0,0,0,0,0,0,0,0,0,0,0,0,0,0,0,0,0,0,0,1,0,0,0,0,0,0,0,0,0,0,0,0,0,0,0,0,0,0,0,0,0,0,100
CPD,3,1,0,0,0,0,0,0,0,0,0,0,0,0,0,0,0,0,0,0,0,0,0,0,0,0,0,0,0,0,0,0,0,0,0,0,0,0,0,0,0,0,0,0,0,0,0,0,0,0,0,0,1,0,0,0,0,0,0,0,0,0,0,0,0,0,0,0,0,0,0,0,0,0,0,100
CPE,4,1,0,0,0,0,0,0,0,0,0,0,0,0,0,0,0,0,0,0,0,0,0,0,0,0,0,0,0,0,0,0,0,0,0,0,0,0,0,0,0,0,0,0,0,0,0,0,0,0,0,0,1,0,0,0,0,0,0,0,0,0,0,0,0,0,0,0,0,0,0,0,0,0,0,100

CVA,0,1,0,0,0,0,0,0,0,0,0,0,0,0,0,0,0,0,0,0,0,0,0,0,0,0,0,0,0,0,0,0,0,0,0,0,0,0,0,0,0,0,0,0,0,0,0,0,0,0,0,0,1,0,0,0,0,0,0,0,0,0,0,0,0,0,0,0,0,0,0,0,0,0,0,100
CVB,1,1,0,0,0,0,0,0,0,0,0,0,0,0,0,0,0,0,0,0,0,0,0,0,0,0,0,0,0,0,0,0,0,0,0,0,0,0,0,0,0,0,0,0,0,0,0,0,0,0,0,0,1,0,0,0,0,0,0,0,0,0,0,0,0,0,0,0,0,0,0,0,0,0,0,100
CVC,2,1,0,0,0,0,0,0,0,0,0,0,0,0,0,0,0,0,0,0,0,0,0,0,0,0,0,0,0,0,0,0,0,0,0,0,0,0,0,0,0,0,0,0,0,0,0,0,0,0,0,0,1,0,0,0,0,0,0,0,0,0,0,0,0,0,0,0,0,0,0,0,0,0,0,100
CVD,3,1,0,0,0,0,0,0,0,0,0,0,0,0,0,0,0,0,0,0,0,0,0,0,0,0,0,0,0,0,0,0,0,0,0,0,0,0,0,0,0,0,0,0,0,0,0,0,0,0,0,0,1,0,0,0,0,0,0,0,0,0,0,0,0,0,0,0,0,0,0,0,0,0,0,100
CVE,4,1,0,0,0,0,0,0,0,0,0,0,0,0,0,0,0,0,0,0,0,0,0,0,0,0,0,0,0,0,0,0,0,0,0,0,0,0,0,0,0,0,0,0,0,0,0,0,0,0,0,0,1,0,0,0,0,0,0,0,0,0,0,0,0,0,0,0,0,0,0,0,0,0,0,100

CAA,0,0,800,200,0,0,800,200,0,0,800,200,0,0,800,200,0,0,800,200,0,0,800,200,0,0,800,200,0,0,800,200,0,0,800,200,0,0,800,200,0
CAB,0,0,800,200,0,0,800,200,0,0,800,200,0,0,800,200,0,0,800,200,0,0,800,200,0,0,800,200,0,0,800,200,0,0,800,200,0,0,800,200,0
CAC,0,0,800,200,0,0,800,200,0,0,800,200,0,0,800,200,0,0,800,200,0,0,800,200,0,0,800,200,0,0,800,200,0,0,800,200,0,0,800,200,0
CAD,0,0,800,200,0,0,800,200,0,0,800,200,0,0,800,200,0,0,800,200,0,0,800,200,0,0,800,200,0,0,800,200,0,0,800,200,0,0,800,200,0
CAE,0,0,800,200,0,0,800,200,0,0,800,200,0,0,800,200,0,0,800,200,0,0,800,200,0,0,800,200,0,0,800,200,0,0,800,200,0,0,800,200,0

CBA,0,0,800,200,0,0,800,200,0,0,800,200,0,0,800,200,0,0,800,200,0,0,800,200,0,0,800,200,0,0,800,200,0,0,800,200,0,0,800,200,0
CBB,0,0,800,200,0,0,800,200,0,0,800,200,0,0,800,200,0,0,800,200,0,0,800,200,0,0,800,200,0,0,800,200,0,0,800,200,0,0,800,200,0
CBC,0,0,800,200,0,0,800,200,0,0,800,200,0,0,800,200,0,0,800,200,0,0,800,200,0,0,800,200,0,0,800,200,0,0,800,200,0,0,800,200,0
CBD,0,0,800,200,0,0,800,200,0,0,800,200,0,0,800,200,0,0,800,200,0,0,800,200,0,0,800,200,0,0,800,200,0,0,800,200,0,0,800,200,0
CBE,0,0,800,200,0,0,800,200,0,0,800,200,0,0,800,200,0,0,800,200,0,0,800,200,0,0,800,200,0,0,800,200,0,0,800,200,0,0,800,200,0

CCA,0,0,800,200,0,0,800,200,0,0,800,200,0,0,800,200,0,0,800,200,0,0,800,200,0,0,800,200,0,0,800,200,0,0,800,200,0,0,800,200,0
CCB,0,0,800,200,0,0,800,200,0,0,800,200,0,0,800,200,0,0,800,200,0,0,800,200,0,0,800,200,0,0,800,200,0,0,800,200,0,0,800,200,0
CCC,0,0,800,200,0,0,800,200,0,0,800,200,0,0,800,200,0,0,800,200,0,0,800,200,0,0,800,200,0,0,800,200,0,0,800,200,0,0,800,200,0
CCD,0,0,800,200,0,0,800,200,0,0,800,200,0,0,800,200,0,0,800,200,0,0,800,200,0,0,800,200,0,0,800,200,0,0,800,200,0,0,800,200,0
CCE,0,0,800,200,0,0,800,200,0,0,800,200,0,0,800,200,0,0,800,200,0,0,800,200,0,0,800,200,0,0,800,200,0,0,800,200,0,0,800,200,0

DF,1,7,6,3,3,2,0,0,-2,-10,-12,-13,-13,-7,-7,-6,-6,10,20,25,25,25,25,25,25,150,150,150,150,150,150,150,150,0,10,3,1,10,-1,100,150,0
DFH,1,140,1
DFA,0,0,800,1,0,0,800,1,0,0,800,1,0,0,800,1,0,0,800,1,0,0,800,1,0,0,800,1,0,0,800,1,0,0,800,1,0,0,800,1,0
DL,1,0,0,0,0,0,0,0,0,0,0,0,0,0,0,0,0,0,0,0,0,0,0,0,0,0,0,0,0,0,0,0,0,0,0,0,0,0,0,0,0,0,0,0,0,0,0,0,0,0,0,1,0,0,0,0,0,0,0,0,0,0,0,0,0,0,0,0,0,0,0,0,0,0,0,100
DLH,1,140,1
DLA,0,0,800,1,0,0,800,1,0,0,800,1,0,0,800,1,0,0,800,1,0,0,800,1,0,0,800,1,0,0,800,1,0,0,800,1,0,0,800,1,0
DHA,1,140,1
DHB,1,140,1
DHC,1,140,1
DHD,1,140,1
DHE,1,140,1

DMA,0,0,0,0,0,0,0,0,0,0,0,0,0,0,0,0,0,0,0,0,0,0,0,0,0,0,0,0,0,0,0,0,0,0,0,0,0,0,0,0,0,0,0,0,0,0,0,0,0,0,0,0,0,0,0,0,0,0,0,0,0,0,0,0,0,0,0,0,0,0,0,0,0,0,0,100
DMB,1,1,0,0,0,0,0,0,0,0,0,0,0,0,0,0,0,0,0,0,0,0,0,0,0,0,0,0,0,0,0,0,0,0,0,0,0,0,0,0,0,0,0,0,0,0,0,0,0,0,0,0,1,0,0,0,0,0,0,0,0,0,0,0,0,0,0,0,0,0,0,0,0,0,0,100
DMC,2,1,0,0,0,0,0,0,0,0,0,0,0,0,0,0,0,0,0,0,0,0,0,0,0,0,0,0,0,0,0,0,0,0,0,0,0,0,0,0,0,0,0,0,0,0,0,0,0,0,0,0,1,0,0,0,0,0,0,0,0,0,0,0,0,0,0,0,0,0,0,0,0,0,0,100
DMD,3,1,0,0,0,0,0,0,0,0,0,0,0,0,0,0,0,0,0,0,0,0,0,0,0,0,0,0,0,0,0,0,0,0,0,0,0,0,0,0,0,0,0,0,0,0,0,0,0,0,0,0,1,0,0,0,0,0,0,0,0,0,0,0,0,0,0,0,0,0,0,0,0,0,0,100
DME,4,1,0,0,0,0,0,0,0,0,0,0,0,0,0,0,0,0,0,0,0,0,0,0,0,0,0,0,0,0,0,0,0,0,0,0,0,0,0,0,0,0,0,0,0,0,0,0,0,0,0,0,1,0,0,0,0,0,0,0,0,0,0,0,0,0,0,0,0,0,0,0,0,0,0,100

DPA,0,1,0,0,0,0,0,0,0,0,0,0,0,0,0,0,0,0,0,0,0,0,0,0,0,0,0,0,0,0,0,0,0,0,0,0,0,0,0,0,0,0,0,0,0,0,0,0,0,0,0,0,1,0,0,0,0,0,0,0,0,0,0,0,0,0,0,0,0,0,0,0,0,0,0,100
DPB,1,1,0,0,0,0,0,0,0,0,0,0,0,0,0,0,0,0,0,0,0,0,0,0,0,0,0,0,0,0,0,0,0,0,0,0,0,0,0,0,0,0,0,0,0,0,0,0,0,0,0,0,1,0,0,0,0,0,0,0,0,0,0,0,0,0,0,0,0,0,0,0,0,0,0,100
DPC,2,1,0,0,0,0,0,0,0,0,0,0,0,0,0,0,0,0,0,0,0,0,0,0,0,0,0,0,0,0,0,0,0,0,0,0,0,0,0,0,0,0,0,0,0,0,0,0,0,0,0,0,1,0,0,0,0,0,0,0,0,0,0,0,0,0,0,0,0,0,0,0,0,0,0,100
DPD,3,1,0,0,0,0,0,0,0,0,0,0,0,0,0,0,0,0,0,0,0,0,0,0,0,0,0,0,0,0,0,0,0,0,0,0,0,0,0,0,0,0,0,0,0,0,0,0,0,0,0,0,1,0,0,0,0,0,0,0,0,0,0,0,0,0,0,0,0,0,0,0,0,0,0,100
DPE,4,1,0,0,0,0,0,0,0,0,0,0,0,0,0,0,0,0,0,0,0,0,0,0,0,0,0,0,0,0,0,0,0,0,0,0,0,0,0,0,0,0,0,0,0,0,0,0,0,0,0,0,1,0,0,0,0,0,0,0,0,0,0,0,0,0,0,0,0,0,0,0,0,0,0,100

DVA,0,1,0,0,0,0,0,0,0,0,0,0,0,0,0,0,0,0,0,0,0,0,0,0,0,0,0,0,0,0,0,0,0,0,0,0,0,0,0,0,0,0,0,0,0,0,0,0,0,0,0,0,1,0,0,0,0,0,0,0,0,0,0,0,0,0,0,0,0,0,0,0,0,0,0,100
DVB,1,1,0,0,0,0,0,0,0,0,0,0,0,0,0,0,0,0,0,0,0,0,0,0,0,0,0,0,0,0,0,0,0,0,0,0,0,0,0,0,0,0,0,0,0,0,0,0,0,0,0,0,1,0,0,0,0,0,0,0,0,0,0,0,0,0,0,0,0,0,0,0,0,0,0,100
DVC,2,1,0,0,0,0,0,0,0,0,0,0,0,0,0,0,0,0,0,0,0,0,0,0,0,0,0,0,0,0,0,0,0,0,0,0,0,0,0,0,0,0,0,0,0,0,0,0,0,0,0,0,1,0,0,0,0,0,0,0,0,0,0,0,0,0,0,0,0,0,0,0,0,0,0,100
DVD,3,1,0,0,0,0,0,0,0,0,0,0,0,0,0,0,0,0,0,0,0,0,0,0,0,0,0,0,0,0,0,0,0,0,0,0,0,0,0,0,0,0,0,0,0,0,0,0,0,0,0,0,1,0,0,0,0,0,0,0,0,0,0,0,0,0,0,0,0,0,0,0,0,0,0,100
DVE,4,1,0,0,0,0,0,0,0,0,0,0,0,0,0,0,0,0,0,0,0,0,0,0,0,0,0,0,0,0,0,0,0,0,0,0,0,0,0,0,0,0,0,0,0,0,0,0,0,0,0,0,1,0,0,0,0,0,0,0,0,0,0,0,0,0,0,0,0,0,0,0,0,0,0,100

DAA,0,0,800,200,0,0,800,200,0,0,800,200,0,0,800,200,0,0,800,200,0,0,800,200,0,0,800,200,0,0,800,200,0,0,800,200,0,0,800,200,0
DAB,0,0,800,200,0,0,800,200,0,0,800,200,0,0,800,200,0,0,800,200,0,0,800,200,0,0,800,200,0,0,800,200,0,0,800,200,0,0,800,200,0
DAC,0,0,800,200,0,0,800,200,0,0,800,200,0,0,800,200,0,0,800,200,0,0,800,200,0,0,800,200,0,0,800,200,0,0,800,200,0,0,800,200,0
DAD,0,0,800,200,0,0,800,200,0,0,800,200,0,0,800,200,0,0,800,200,0,0,800,200,0,0,800,200,0,0,800,200,0,0,800,200,0,0,800,200,0
DAE,0,0,800,200,0,0,800,200,0,0,800,200,0,0,800,200,0,0,800,200,0,0,800,200,0,0,800,200,0,0,800,200,0,0,800,200,0,0,800,200,0

DBA,0,0,800,200,0,0,800,200,0,0,800,200,0,0,800,200,0,0,800,200,0,0,800,200,0,0,800,200,0,0,800,200,0,0,800,200,0,0,800,200,0
DBB,0,0,800,200,0,0,800,200,0,0,800,200,0,0,800,200,0,0,800,200,0,0,800,200,0,0,800,200,0,0,800,200,0,0,800,200,0,0,800,200,0
DBC,0,0,800,200,0,0,800,200,0,0,800,200,0,0,800,200,0,0,800,200,0,0,800,200,0,0,800,200,0,0,800,200,0,0,800,200,0,0,800,200,0
DBD,0,0,800,200,0,0,800,200,0,0,800,200,0,0,800,200,0,0,800,200,0,0,800,200,0,0,800,200,0,0,800,200,0,0,800,200,0,0,800,200,0
DBE,0,0,800,200,0,0,800,200,0,0,800,200,0,0,800,200,0,0,800,200,0,0,800,200,0,0,800,200,0,0,800,200,0,0,800,200,0,0,800,200,0

DCA,0,0,800,200,0,0,800,200,0,0,800,200,0,0,800,200,0,0,800,200,0,0,800,200,0,0,800,200,0,0,800,200,0,0,800,200,0,0,800,200,0
DCB,0,0,800,200,0,0,800,200,0,0,800,200,0,0,800,200,0,0,800,200,0,0,800,200,0,0,800,200,0,0,800,200,0,0,800,200,0,0,800,200,0
DCC,0,0,800,200,0,0,800,200,0,0,800,200,0,0,800,200,0,0,800,200,0,0,800,200,0,0,800,200,0,0,800,200,0,0,800,200,0,0,800,200,0
DCD,0,0,800,200,0,0,800,200,0,0,800,200,0,0,800,200,0,0,800,200,0,0,800,200,0,0,800,200,0,0,800,200,0,0,800,200,0,0,800,200,0
DCE,0,0,800,200,0,0,800,200,0,0,800,200,0,0,800,200,0,0,800,200,0,0,800,200,0,0,800,200,0,0,800,200,0,0,800,200,0,0,800,200,0

